Atomic_number	Element	Isotopes	Mass	Concentration	bc	bc_error	r_bi	r_bi_error	im_bi	im_bi_error	sigma_a	sigma_a_error	Inc_xs	siggam	sigma_i	
1	H	---	1.00794	---	-3.7390	0.0011	---	0	---	0	0.3326	0.0007	80.26	6	00.01	
1	H	1	1.0078250	99.985	-3.7406	0.0011	25.274	0.009	0.0	0	0.3326	0.0007	80.27	6	00.01	
1	H	2	2.014102	0.015	6.671	0.004	4.04	0.03	0.0	0	0.000519	0.000007	2.05	3	0.01	
1	D	---	2.014102	0.015	6.671	0.004	4.04	0.03	0.0	0	0.000519	0.000007	2.05	3	0.01	
1	H	3	3.016049	---	4.792	0.027	-1.04	0.17	0.0	0	0	0	0.14	4	0.01	
1	T	---	3.016049	---	4.792	0.027	-1.04	0.17	0.0	0	0	0	0.14	4	0.01	
2	He	---	4.002602	---	3.26	0.03	---	0	---	0	0.00747	0.00001	0	0	1	
2	He	3	3.016029	0.00014	5.74	0.07	-2.5	0.6	2.568	0.003	5333	7	1.6	4	0.1	
2	He	4	4.002603	99.99986	3.26	0.03	0	0	0	0	0	0	0	0	1	
3	Li	---	6.941	---	-1.90	0.02	---	0	---	0	70.5	0.3	0.92	3	0.01	
3	Li	6	6.015123	7.5	2.00	0.11	-1.89	0.1	0.26	0.01	940	4	0.46	5	0.01	
3	Li	7	7.016005	92.5	-2.22	0.02	-2.49	0.05	0.0	0	0.0454	0.0003	0.78	3	0.01	
4	Be	---	9.012182	100	7.79	0.01	0.12	0.03	0.0	0	0.0076	0.0008	0.0018	9	0.0001	
5	B	---	10.811	---	5.30	0.04	---	0	---	0	767	8	1.70	12	0.1	
5	B	10	10.012937	20	-0.1	0.3	-4.7	0.3	1.231	0.003	3835	9	3	4	1	
5	B	11	11.009305	80	6.65	0.04	-1.3	0.2	0.0	0	0.0055	0.0033	0.21	7	0.01	
6	C	---	12.0107	---	6.6460	0.0012	---	0	---	0	0.00350	0.00007	0.001	4	0.001	
6	C	12	12.000000	98.9	6.6511	0.0016	0	0	0	0	0.00353	0.00007	0	0	1	
6	C	13	13.003355	1.1	6.19	0.09	-0.52	0.09	0.0	0	0.00137	0.00004	0.034	11	0.001	
7	N	---	14.0067	---	9.36	0.02	---	0	---	0	1.90	0.03	0.50	12	0.1	
7	N	14	14.003074	99.63	9.37	0.02	2.0	0.2	0.0	0	1.91	0.03	0.5	1	0.1	
7	N	15	15.000109	0.37	6.44	0.03	-0.02	0.02	0.0	0	0.000024	0.000008	0.00005	10	0.00001	
8	O	---	15.9994	---	5.803	0.004	---	0	---	0	0.00019	0.00002	0.000	8	0.0001	
8	O	16	15.994915	99.762	5.803	0.004	0	0	0.0	0	0.00010	0.00002	0	0	1	
8	O	17	16.999132	0.038	5.78	0.15	0.18	0.06	0.0	0	0.236	0.01	0.004	3	0.001	
8	O	18	17.999161	0.2	5.84	0.07	0	0	0	0	0.00016	0.00001	0	0	1	
9	F	---	18.9984032	100	5.654	0.01	-0.082	0.009	0.0	0	0.0096	0.0005	0.0008	2	0.0001	
10	Ne	---	20.1797	---	4.566	0.006	---	0	---	0	0.039	0.004	0.008	9	0.001	
10	Ne	20	19.992440	90.51	4.631	0.006	0	0	0	0	0.036	0.004	0	0	1	
10	Ne	21	20.993847	0.27	6.66	0.19	0.6	0.1	0.0	0	0.67	0.11	0.05	2	0.01	
10	Ne	22	21.991385	9.22	3.87	0.01	0	0	0	0	0.046	0.006	0	0	1	
11	Na	---	22.98976928	100	3.63	0.02	3.59	0.03	0.0	0	0.530	0.005	1.62	3	0.01	
12	Mg	---	24.305	---	5.375	0.004	---	0	---	0	0.063	0.003	0.08	6	0.01	
12	Mg	24	23.985042	78.99	5.66	0.03	0	0	0	0	0.050	0.005	0	0	1	
12	Mg	25	24.985837	10	3.62	0.14	1.48	0.1	0.0	0	0.19	0.03	0.28	4	0.01	
12	Mg	26	25.982593	11.01	4.89	0.15	0	0	0	0	0.0382	0.0008	0	0	1	
13	Al	---	26.9815386	100	3.449	0.005	0.256	0.01	0.0	0	0.231	0.003	0.0082	6	0.0001	
14	Si	---	28.0855	---	4.1491	0.001	---	0	---	0	0.171	0.003	0.004	8	0.001	
14	Si	28	27.976927	92.23	4.107	0.006	0	0	0	0	0.177	0.003	0	0	1	
14	Si	29	28.976495	4.67	4.70	0.1	0.09	0.09	0.0	0	0.101	0.014	0.001	2	0.001	
14	Si	30	29.973770	3.1	4.58	0.08	0	0	0	0	0.107	0.002	0	0	1	
15	P	---	30.973762	100	5.13	0.01	0.2	0.2	0.0	0	0.172	0.006	0.005	10	0.001	
16	S	---	32.065	---	2.847	0.001	---	0	---	0	0.53	0.01	0.007	5	0.001	
16	S	32	31.972071	95.02	2.804	0.002	0	0	0	0	0.54	0.04	0	0	1	
16	S	33	32.971459	0.75	4.74	0.19	1.5	1.5	0.0	0	0.54	0.04	0.3	6	0.1	
16	S	34	33.967867	4.21	3.48	0.03	0	0	0	0	0.227	0.005	0	0	1	
16	S	36	35.967081	0.02	3.	1	0	0	0	0	0.15	0.03	0	0	1	
17	Cl	---	35.453	---	9.5770	0.0008	---	0	---	0	33.5	0.3	5.3	5	0.1	
17	Cl	35	34.968853	75.77	11.65	0.02	6.1	0.4	0.0	0	44.1	0.4	4.7	6	0.1	
17	Cl	37	36.965903	24.23	3.08	0.06	0.1	0.1	0.0	0	0.433	0.006	0.001	3	0.001	
18	Ar	---	39.948	---	1.909	0.006	---	0	---	0	0.675	0.009	0.225	5	0.001	
18	Ar	36	35.967545	0.337	24.90	0.07	0	0	0	0	5.2	0.5	0	0	1	
18	Ar	38	37.962732	0.063	3.5	3.5	0	0	0	0	0.8	0.2	0	0	1	
18	Ar	40	39.962383	99.6	1.830	0.006	0	0	0	0	0.660	0.009	0	0	1	
19	K	---	39.0983	---	3.67	0.02	---	0	---	0	2.1	0.1	0.27	11	0.01	
19	K	39	38.963707	93.258	3.74	0.02	1.4	0.3	0.0	0	2.1	0.1	0.25	11	0.01	
19	K	40	39.963998	0.012	3	1	---	0	---	0	35	8	0.5	5	0.1	
19	K	41	40.961826	6.73	2.69	0.08	1.5	1.5	0.0	0	1.46	0.03	0.3	6	0.1	
20	Ca	---	40.078	---	4.70	0.02	---	0	---	0	0.43	0.02	0.05	3	0.01	
20	Ca	40	39.962591	96.941	4.80	0.02	0	0	0	0	0.41	0.02	0	0	1	
20	Ca	42	41.958618	0.647	3.36	0.1	0	0	0	0	0.68	0.07	0	0	1	
20	Ca	43	42.958767	0.135	-1.56	0.09	---	0	---	0	6.2	0.6	0.5	5	0.1	
20	Ca	44	43.955482	2.086	1.42	0.06	0	0	0	0	0.88	0.05	0	0	1	
20	Ca	46	45.953693	0.004	3.6	0.2	0	0	0	0	0.74	0.07	0	0	1	
20	Ca	48	47.952534	0.187	0.39	0.09	0	0	0	0	1.09	0.14	0	0	1	
21	Sc	---	44.955912	100	12.29	0.11	-6.0	0.3	0.0	0	27.5	0.2	4.5	5	0.1	
22	Ti	---	47.867	---	-3.438	0.002	---	0	---	0	6.09	0.13	2.87	3	0.01	
22	Ti	46	45.952632	8.2	4.93	0.06	0	0	0	0	0.59	0.18	0	0	1	
22	Ti	47	46.951763	7.4	3.63	0.12	-3.5	0.2	0.0	0	1.7	0.2	1.5	2	0.1	
22	Ti	48	47.947946	73.8	-6.08	0.02	0	0	0	0	7.84	0.25	0	0	1	
22	Ti	49	48.947870	5.4	1.04	0.05	5.1	0.2	0.0	0	2.2	0.3	3.3	3	0.1	
22	Ti	50	49.944791	5.2	6.18	0.08	0	0	0	0	0.179	0.003	0	0	1	
23	V	---	50.9415	---	-0.3824	0.0012	---	0	---	0	5.08	0.04	5.08	6	0.01	
23	V	50	49.947158	0.25	7.6	0.6	---	0	---	0	60	40	0.5	5	0.1	
23	V	51	50.943960	99.75	-0.402	0.002	6.35	0.04	0.0	0	4.9	0.1	5.07	6	0.01	
24	Cr	---	51.9961	---	3.635	0.007	---	0	---	0	3.05	0.08	1.83	2	0.01	
24	Cr	50	49.946044	4.35	-4.50	0.05	0	0	0	0	15.8	0.2	0	0	1	
24	Cr	52	51.940507	83.79	4.920	0.01	0	0	0	0	0.76	0.06	0	0	1	
24	Cr	53	52.940649	9.5	-4.20	0.03	6.87	0.1	0.0	0	18.1	1.5	5.93	17	0.01	
24	Cr	54	53.938880	2.36	4.55	0.1	0	0	0	0	0.36	0.04	0	0	1	
25	Mn	---	54.938045	100	-3.73	0.02	1.79	0.04	0.0	0	13.3	0.2	0.40	2	0.01	
26	Fe	---	55.845	---	9.45	0.02	---	0	---	0	2.56	0.03	0.40	11	0.01	
26	Fe	54	53.939611	5.8	4.2	0.1	0	0	0	0	2.25	0.18	0	0	1	
26	Fe	56	55.934937	91.7	9.94	0.03	0	0	0	0	2.59	0.14	0	0	1	
26	Fe	57	56.935394	2.2	2.3	0.1	---	0	---	0	2.48	0.3	0.3	3	0.1	
26	Fe	58	57.933276	0.3	15.	7	0	0	0	0	1.28	0.05	0	0	1	
27	Co	---	58.933195	100	2.49	0.02	-6.2	0.2	0.0	0	37.18	0.06	4.8	3	0.1	
28	Ni	---	58.6934	---	10.3	0.1	---	0	---	0	4.49	0.16	5.2	4	0.1	
28	Ni	58	57.935343	68.27	14.4	0.1	0	0	0	0	4.6	0.3	0	0	1	
28	Ni	60	59.930786	26.1	2.8	0.1	0	0	0	0	2.9	0.2	0	0	1	
28	Ni	61	60.931056	1.13	7.60	0.06	3.9	0.3	0.0	0	2.5	0.8	1.9	3	0.1	
28	Ni	62	61.928345	3.59	-8.7	0.2	0	0	0	0	14.5	0.3	0	0	1	
28	Ni	64	63.927966	0.91	-0.37	0.07	0	0	0	0	1.52	0.03	0	0	1	
29	Cu	---	63.546	---	7.718	0.004	---	0	---	0	3.78	0.02	0.55	3	0.01	
29	Cu	63	62.929597	69.17	6.43	0.15	0.22	0.02	0.0	0	4.50	0.02	0.006	1	0.001	
29	Cu	65	64.927789	30.83	10.61	0.19	1.79	0.1	0.0	0	2.17	0.03	0.40	4	0.01	
30	Zn	---	65.409	---	5.680	0.005	---	0	---	0	1.11	0.02	0.077	7	0.001	
30	Zn	64	63.929142	48.6	5.22	0.04	0	0	0	0	0.93	0.09	0	0	1	
30	Zn	66	65.926033	27.9	5.97	0.05	0	0	0	0	0.62	0.06	0	0	1	
30	Zn	67	66.927127	4.1	7.56	0.08	-1.50	0.07	0.0	0	6.8	0.8	0.28	3	0.01	
30	Zn	68	67.924844	18.8	6.03	0.03	0	0	0	0	1.1	0.1	0	0	1	
30	Zn	70	69.925319	0.6	6.	1	0	0	0	0	0.092	0.005	0	0	1	
31	Ga	---	69.723	---	7.288	0.002	---	0	---	0	2.75	0.03	0.16	3	0.01	
31	Ga	69	68.925574	60.1	7.88	0.02	-0.85	0.05	0.0	0	2.18	0.05	0.091	11	0.001	
31	Ga	71	70.924701	39.9	6.40	0.03	-0.82	0.04	0.0	0	3.61	0.1	0.084	8	0.001	
32	Ge	---	72.64	---	8.185	0.02	---	0	---	0	2.20	0.04	0.18	7	0.01	
32	Ge	70	69.924247	20.5	10.0	0.1	0	0	0	0	3.0	0.2	0	0	1	
32	Ge	72	71.922076	27.4	8.51	0.1	0	0	0	0	0.8	0.2	0	0	1	
32	Ge	73	72.923459	7.8	5.02	0.04	3.4	0.3	0.0	0	15.1	0.4	1.5	3	0.1	
32	Ge	74	73.921178	36.5	7.58	0.1	0	0	0	0	0.4	0.2	0	0	1	
32	Ge	76	75.921403	7.8	8.2	1.5	0	0	0	0	0.16	0.02	0	0	1	
33	As	---	74.9216	100	6.58	0.01	-0.69	0.06	0.0	0	4.5	0.1	0.060	10	0.001	
34	Se	---	78.96	---	7.970	0.009	---	0	---	0	11.7	0.2	0.32	6	0.01	
34	Se	74	73.922476	0.9	0.8	3	0	0	0	0	51.8	1.2	0	0	1	
34	Se	76	75.919214	9	12.2	0.1	0	0	0	0	85	7	0	0	1	
34	Se	77	76.919914	7.6	8.25	0.08	0.6	1.6	0.0	0	42	4	0.05	26	0.01	
34	Se	78	77.917309	23.5	8.24	0.09	0	0	0	0	0.43	0.02	0	0	1	
34	Se	80	79.916521	49.6	7.48	0.03	0	0	0	0	0.61	0.05	0	0	1	
34	Se	82	81.916699	9.4	6.34	0.08	0	0	0	0	0.044	0.003	0	0	1	
35	Br	---	79.904	---	6.795	0.015	---	0	---	0	6.9	0.2	0.10	9	0.01	
35	Br	79	78.918337	50.69	6.80	0.07	-1.1	0.2	0.0	0	11.0	0.7	0.15	6	0.01	
35	Br	81	80.916291	49.31	6.79	0.07	0.6	0.1	0.0	0	2.7	0.2	0.05	2	0.01	
36	Kr	---	83.798	---	7.81	0.02	---	0	---	0	25	1	0.01	14	0.01	
36	Kr	78	77.920365	0.35	---	---	0	0	0	0	6.4	0.9	0	0	1	
36	Kr	80	79.916379	2.25	---	---	0	0	0	0	11.8	0.5	0	0	1	
36	Kr	82	81.913484	11.6	---	---	0	0	0	0	29	20	0	0	1	
36	Kr	83	82.914136	11.5	---	---	---	0	---	0	185	30	---	---	---	
36	Kr	84	83.911507	57	---	---	0	0	0	0	0.113	0.015	0	0	1	
36	Kr	86	85.910611	17.3	8.1	0.2	0	0	0	0	0.003	0.002	0	0	1	
37	Rb	---	85.4678	---	7.09	0.02	---	0	---	0	0.38	0.01	0.5	4	0.1	
37	Rb	85	84.911790	72.17	7.03	0.1	---	0	---	0	0.48	0.01	0.5	5	0.1	
37	Rb	87	86.909181	27.83	7.23	0.12	---	0	---	0	0.12	0.03	0.5	5	0.1	
38	Sr	---	87.62	---	7.02	0.02	---	0	---	0	1.28	0.06	0.06	11	0.01	
38	Sr	84	83.913425	0.56	7.	1	0	0	0	0	0.87	0.07	0	0	1	
38	Sr	86	85.909260	9.86	5.67	0.05	0	0	0	0	1.04	0.07	0	0	1	
38	Sr	87	86.908877	7	7.40	0.07	---	0	---	0	16	3	0.5	5	0.1	
38	Sr	88	87.905612	82.58	7.15	0.06	0	0	0	0	0.058	0.004	0	0	1	
39	Y	---	88.90585	100	7.75	0.02	1.1	0.3	0.0	0	1.28	0.02	0.15	8	0.01	
40	Zr	---	91.224	---	7.16	0.03	---	0	---	0	0.185	0.003	0.02	15	0.01	
40	Zr	90	89.904704	51.45	6.4	0.1	0	0	0	0	0.011	0.005	0	0	1	
40	Zr	91	90.905646	11.32	8.7	0.1	-1.08	0.15	0.0	0	1.17	0.1	0.15	4	0.01	
40	Zr	92	91.905041	17.19	7.4	0.2	0	0	0	0	0.22	0.06	0	0	1	
40	Zr	94	93.906315	17.28	8.2	0.2	0	0	0	0	0.0499	0.0024	0	0	1	
40	Zr	96	95.908273	2.76	5.5	0.1	0	0	0	0	0.0229	0.001	0	0	1	
41	Nb	---	92.90638	100	7.054	0.003	-0.139	0.01	0.0	0	1.15	0.05	0.0024	3	0.0001	
42	Mo	---	95.94	---	6.715	0.02	---	0	---	0	2.48	0.04	0.04	5	0.01	
42	Mo	92	91.906811	14.84	6.91	0.08	0	0	0	0	0.019	0.002	0	0	1	
42	Mo	94	93.905088	9.25	6.80	0.07	0	0	0	0	0.015	0.002	0	0	1	
42	Mo	95	94.905842	15.92	6.91	0.06	---	0	---	0	13.1	0.3	0.5	5	0.1	
42	Mo	96	95.904679	16.68	6.20	0.06	0	0	0	0	0.5	0.2	0	0	1	
42	Mo	97	96.906021	9.55	7.24	0.08	---	0	---	0	2.5	0.2	0.5	5	0.1	
42	Mo	98	97.905408	24.13	6.58	0.07	0	0	0	0	0.127	0.006	0	0	1	
42	Mo	100	99.907477	9.63	6.73	0.07	0	0	0	0	0.4	0.2	0	0	1	
43	Tc	---	---	---	6.8	0.3	---	0	---	0	20	1	0.5	5	0.1	
44	Ru	---	101.07	---	7.03	0.03	---	0	---	0	2.56	0.13	0.4	1	0.1	
44	Ru	96	95.907598	5.5	---	---	0	0	0	0	0.28	0.02	0	0	1	
44	Ru	98	97.905287	1.9	---	---	0	0	0	0	---	0	0	0	1	
44	Ru	99	98.905939	12.7	---	---	---	0	---	0	6.9	1	---	---	---	
44	Ru	100	99.904219	12.6	---	---	0	0	0	0	4.8	0.6	0	0	1	
44	Ru	101	100.905582	17	---	---	---	0	---	0	3.3	0.9	---	---	---	
44	Ru	102	101.904349	31.6	---	---	0	0	0	0	1.17	0.07	0	0	1	
44	Ru	104	103.905433	18.7	---	---	0	0	0	0	0.31	0.02	0	0	1	
45	Rh	---	102.9055	100	5.88	0.04	---	0	---	0	144.8	0.7	0.3	3	0.1	
46	Pd	---	106.42	---	5.91	0.06	---	0	---	0	6.9	0.4	0.093	9	0.001	
46	Pd	102	101.905609	1.02	7.7	0.7	0	0	0	0	3.4	0.3	0	0	1	
46	Pd	104	103.904036	11.14	7.7	0.7	0	0	0	0	0.6	0.3	0	0	1	
46	Pd	105	104.905085	22.33	5.5	0.3	-2.6	1.6	0.0	0	20	3	0.8	10	0.1	
46	Pd	106	105.903486	27.33	6.4	0.4	0	0	0	0	0.304	0.029	0	0	1	
46	Pd	108	107.903892	26.46	4.1	0.3	0	0	0	0	8.5	0.5	0	0	1	
46	Pd	110	109.905153	11.72	7.7	0.7	0	0	0	0	0.226	0.031	0	0	1	
47	Ag	---	107.8682	---	5.922	0.007	---	0	---	0	63.3	0.4	0.58	3	0.01	
47	Ag	107	106.905097	51.83	7.555	0.011	1.00	0.13	0.0	0	37.6	1.2	0.13	3	0.01	
47	Ag	109	108.904752	48.17	4.165	0.011	-1.60	0.13	0.0	0	91.0	1	0.32	5	0.01	
48	Cd	---	112.411	---	4.87	0.05	---	0	---	0	2520	50	3.46	13	0.01	
48	Cd	106	105.906459	1.25	5.	2	0	0	0	0	1	0	0	0	1	
48	Cd	108	107.904184	0.89	5.4	0.1	0	0	0	0	1.1	0.3	0	0	1	
48	Cd	110	109.903002	12.51	5.9	0.1	0	0	0	0	11	1	0	0	1	
48	Cd	111	110.904178	12.81	6.5	0.1	---	0	---	0	24	3	0.3	3	0.1	
48	Cd	112	111.902758	24.13	6.4	0.1	0	0	0	0	2.2	0.5	0	0	1	
48	Cd	113	112.904402	12.22	-8.0	0.2	---	0	---	0	20600	400	0.3	3	0.1	
48	Cd	114	113.903359	28.72	7.5	0.1	0	0	0	0	0.34	0.02	0	0	1	
48	Cd	116	115.904756	7.47	6.3	0.1	0	0	0	0	0.075	0.013	0	0	1	
49	In	---	114.818	---	4.065	0.02	---	0	---	0	193.8	1.5	0.54	11	0.01	
49	In	113	112.904058	4.3	5.39	0.06	0.017	0.001	0.0	0	12.0	1.1	0.000037	5	0.000001	
49	In	115	114.903878	95.7	4.01	0.02	-2.1	0.2	0.0	0	202	2	0.55	11	0.01	
50	Sn	---	118.71	---	6.225	0.002	---	0	---	0	0.626	0.009	0.022	5	0.001	
50	Sn	112	111.904818	1	6.	1	0	0	0	0	1.00	0.11	0	0	1	
50	Sn	114	113.902779	0.7	6.2	0.3	0	0	0	0	0.114	0.03	0	0	1	
50	Sn	115	114.903342	0.4	6.	1	---	0	---	0	30	7	0.3	3	0.1	
50	Sn	116	115.901741	14.7	5.93	0.05	0	0	0	0	0.14	0.03	0	0	1	
50	Sn	117	116.902952	7.7	6.48	0.05	---	0	---	0	2.3	0.5	0.3	3	0.1	
50	Sn	118	117.901603	24.3	6.07	0.05	0	0	0	0	0.22	0.05	0	0	1	
50	Sn	119	118.903308	8.6	6.12	0.05	---	0	---	0	2.2	0.5	0.3	3	0.1	
50	Sn	120	119.902195	32.4	6.49	0.05	0	0	0	0	0.14	0.03	0	0	1	
50	Sn	122	121.903439	4.6	5.74	0.05	0	0	0	0	0.18	0.02	0	0	1	
50	Sn	124	123.905274	5.6	5.97	0.05	0	0	0	0	0.133	0.005	0	0	1	
51	Sb	---	121.76	---	5.57	0.03	---	0	---	0	4.91	0.05	0.00	7	0.01	
51	Sb	121	120.903816	57.3	5.71	0.06	-0.05	0.15	0.0	0	5.75	0.12	0.0003	19	0.0001	
51	Sb	123	122.904214	42.7	5.38	0.07	-0.10	0.15	0.0	0	3.8	0.2	0.001	4	0.001	
52	Te	---	127.6	---	5.80	0.03	---	0	---	0	4.7	0.1	0.09	6	0.01	
52	Te	120	119.904020	0.096	5.3	0.5	0	0	0	0	2.3	0.3	0	0	1	
52	Te	122	121.903044	2.6	3.8	0.2	0	0	0	0	3.4	0.5	0	0	1	
52	Te	123	122.904270	0.908	-0.05	0.25	-2.04	0.09	0.0	0	418	30	0.52	5	0.01	
52	Te	124	123.902818	4.816	7.96	0.1	0	0	0	0	6.8	1.3	0	0	1	
52	Te	125	124.904431	7.14	5.02	0.08	-0.26	0.13	0.0	0	1.55	0.16	0.008	8	0.001	
52	Te	126	125.903312	18.95	5.56	0.07	0	0	0	0	1.04	0.15	0	0	1	
52	Te	128	127.904463	31.69	5.89	0.07	0	0	0	0	0.215	0.008	0	0	1	
52	Te	130	129.906224	33.8	6.02	0.07	0	0	0	0	0.29	0.06	0	0	1	
53	I	---	126.90447	100	5.28	0.02	1.58	0.15	0.0	0	6.15	0.06	0.31	6	0.01	
54	Xe	---	131.293	---	4.92	0.03	---	0	0.0	0	23.9	1.2	0	0	1	
54	Xe	124	123.905893	0.1	---	---	0	0	0	0	165	20	0	0	1	
54	Xe	126	125.904274	0.09	---	---	0	0	0	0	3.5	0.8	0	0	1	
54	Xe	128	127.903531	1.91	---	---	0	0	0	0	---	0	0	0	1	
54	Xe	129	128.904779	26.4	---	---	---	0	---	0	21	5	---	---	---	
54	Xe	130	129.903508	4.1	---	---	0	0	0	0	---	0	0	0	1	
54	Xe	131	130.905082	21.2	---	---	---	0	---	0	85	10	---	---	---	
54	Xe	132	131.904153	26.9	---	---	0	0	0	0	0.45	0.06	0	0	1	
54	Xe	134	133.905394	10.4	---	---	0	0	0	0	0.265	0.02	0	0	1	
54	Xe	136	135.907219	8.9	---	---	0	0	0	0	0.26	0.02	0	0	1	
55	Cs	---	132.9054519	100	5.42	0.02	1.29	0.15	0.0	0	29.0	1.5	0.21	5	0.01	
56	Ba	---	137.327	---	5.07	0.03	---	0	---	0	1.1	0.1	0.15	11	0.01	
56	Ba	130	129.906321	0.11	-3.6	0.6	0	0	0	0	30	5	0	0	1	
56	Ba	132	131.905061	0.1	7.8	0.3	0	0	0	0	7.0	0.8	0	0	1	
56	Ba	134	133.904508	2.42	5.7	0.1	0	0	0	0	2.0	1.6	0	0	1	
56	Ba	135	134.905689	6.59	4.67	0.1	---	0	---	0	5.8	0.9	0.5	5	0.1	
56	Ba	136	135.904576	7.85	4.91	0.08	0	0	0	0	0.68	0.17	0	0	1	
56	Ba	137	136.905827	11.23	6.83	0.1	---	0	---	0	3.6	0.2	0.5	5	0.1	
56	Ba	138	137.905247	71.7	4.84	0.08	0	0	0	0	0.27	0.14	0	0	1	
57	La	---	138.90547	---	8.24	0.04	---	0	---	0	8.97	0.04	1.13	19	0.01	
57	La	138	137.907112	0.09	8.	2	---	0	---	0	57	6	0.5	5	0.1	
57	La	139	138.906353	99.91	8.24	0.04	3.0	0.2	0.0	0	8.93	0.04	1.13	15	0.01	
58	Ce	---	140.116	---	4.84	0.02	---	0	---	0	0.63	0.04	0.00	10	0.001	
58	Ce	136	135.907172	0.19	5.80	0.09	0	0	0	0	7.3	1.5	0	0	1	
58	Ce	138	137.905991	0.25	6.70	0.09	0	0	0	0	1.1	0.3	0	0	1	
58	Ce	140	139.905439	88.48	4.84	0.09	0	0	0	0	0.57	0.04	0	0	1	
58	Ce	142	141.909244	11.08	4.75	0.09	0	0	0	0	0.95	0.05	0	0	1	
59	Pr	---	140.90765	100	4.58	0.05	-0.35	0.03	0.0	0	11.5	0.3	0.015	3	0.001	
60	Nd	---	144.242	---	7.69	0.05	---	0	---	0	50.5	1.2	9.2	8	0.1	
60	Nd	142	141.907723	27.16	7.7	0.3	0	0	0	0	18.7	0.7	0	0	1	
60	Nd	143	142.909814	12.18	14.	2	21	1	0.0	0	337	10	55.	7	1.	
60	Nd	144	143.910087	23.8	2.8	0.3	0	0	0	0	3.6	0.3	0	0	1	
60	Nd	145	144.912574	8.29	14.	2	---	0	---	0	42	2	5.	5	1.	
60	Nd	146	145.913117	17.19	8.7	0.2	0	0	0	0	1.4	0.1	0	0	1	
60	Nd	148	147.916893	5.75	5.7	0.3	0	0	0	0	2.5	0.2	0	0	1	
60	Nd	150	149.920891	5.63	5.3	0.2	0	0	0	0	1.2	0.2	0	0	1	
61	Pm	---	---	---	12.6	0.4	3.2	2.5	0.0	0	168.4	3.5	1.3	20	0.1	
62	Sm	---	150.36	---	0.80	0.02	---	0	---	0	5922	56	39.	3	00.	
62	Sm	144	143.911999	3.1	-3.	4	0	0	0	0	0.7	0.3	0	0	1	
62	Sm	147	146.914898	15.1	14.	3	11	7	0.0	0	57	3	14	19	001	
62	Sm	148	147.914823	11.3	-3.	4	0	0	0	0	2.4	0.6	0	0	1	
62	Sm	149	148.917185	13.9	-19.2	0.1	31.4	0.6	-10.3	0.1	42080	400	137.	5	001.	
62	Sm	150	149.917276	7.4	14.	3	0	0	0	0	104	4	0	0	1	
62	Sm	152	151.919732	26.6	-5.0	0.6	0	0	0	0	206	6	0	0	1	
62	Sm	154	153.922209	22.6	9.3	1	0	0	0	0	8.4	0.5	0	0	1	
63	Eu	---	151.964	---	7.22	0.02	---	0	---	0	4530	40	2.5	4	0.1	
63	Eu	151	150.919850	47.8	6.13	0.14	4.5	0.4	-2.14	0.02	9100	100	3.1	4	0.1	
63	Eu	153	152.921230	52.2	8.22	0.12	3.2	0.9	0.0	0	312	7	1.3	7	0.1	
64	Gd	---	157.25	---	6.5	0.5	---	0	---	0	49700	125	151.	2	1	
64	Gd	152	151.919791	0.2	10.	3	0	0	0	0	735	20	0	0	1	
64	Gd	154	153.920866	2.1	10.	3	0	0	0	0	85	12	0	0	1	
64	Gd	155	154.922622	14.8	6.0	0.1	5	5	-13.16	0.09	61100	400	25.	6	1.	
64	Gd	156	155.922123	20.6	6.3	0.4	0	0	0	0	1.5	1.2	0	0	1	
64	Gd	157	156.923960	15.7	-1.14	0.02	5	5	-55.8	0.2	259000	700	394.	7	1.	
64	Gd	158	157.924104	24.8	9.	2	0	0	0	0	2.2	0.2	0	0	1	
64	Gd	160	159.927054	21.8	9.15	0.05	0	0	0	0	0.77	0.02	0	0	1	
65	Tb	---	158.92535	100	7.38	0.03	-0.17	0.07	0.0	0	23.4	0.4	0.004	3	0.001	
66	Dy	---	162.5	---	16.9	0.2	---	0	---	0	994	13	54.4	12	00.1	
66	Dy	156	155.924283	0.06	6.1	0.5	0	0	0	0	33	3	0	0	1	
66	Dy	158	157.924409	0.1	6.	4	0	0	0	0	43	6	0	0	1	
66	Dy	160	159.925198	2.34	6.7	0.4	0	0	0	0	56	5	0	0	1	
66	Dy	161	160.926933	19	10.3	0.4	4.9	0.8	0.0	0	600	25	3.	1	0.	
66	Dy	162	161.926798	25.5	-1.4	0.5	0	0	0	0	194	10	0	0	1	
66	Dy	163	162.928731	24.9	5.0	0.4	1.3	0.3	0.0	0	124	7	0.21	10	0.01	
66	Dy	164	163.929175	28.1	49.4	0.2	0	0	0	0	2840	40	0	0	1	
67	Ho	---	164.93032	100	8.01	0.08	-1.70	0.08	0.0	0	64.7	1.2	0.36	3	0.01	
68	Er	---	167.259	---	7.79	0.02	---	0	---	0	159	4	1.1	3	0.1	
68	Er	162	161.928778	0.14	8.8	0.2	0	0	0	0	19	2	0	0	1	
68	Er	164	163.929200	1.56	8.2	0.2	0	0	0	0	13	2	0	0	1	
68	Er	166	165.930293	33.4	10.6	0.2	0	0	0	0	19.6	1.5	0	0	1	
68	Er	167	166.932048	22.9	3.0	0.3	1.0	0.3	0.0	0	659	16	0.13	8	0.01	
68	Er	168	167.932370	27.1	7.4	0.4	0	0	0	0	2.74	0.08	0	0	1	
68	Er	170	169.935464	14.9	9.6	0.5	0	0	0	0	5.8	0.3	0	0	1	
69	Tm	---	168.93421	100	7.07	0.03	0.9	0.3	0.0	0	100	2	0.10	7	0.01	
70	Yb	---	173.04	---	12.43	0.03	---	0	---	0	34.8	0.8	4.0	2	0.1	
70	Yb	168	167.933897	0.14	-4.07	0.02	0	0	0	0	2230	40	0	0	1	
70	Yb	170	169.934762	3.06	6.77	0.1	0	0	0	0	11.4	1	0	0	1	
70	Yb	171	170.936326	14.3	9.66	0.1	-5.59	0.17	0.0	0	48.6	2.5	3.9	2	0.1	
70	Yb	172	171.936381	21.9	9.43	0.1	0	0	0	0	0.8	0.4	0	0	1	
70	Yb	173	172.938211	16.1	9.56	0.07	-5.3	0.2	0.0	0	17.1	1.3	3.5	3	0.1	
70	Yb	174	173.938862	31.8	19.3	0.1	0	0	0	0	69.4	5	0	0	1	
70	Yb	176	175.942572	12.7	8.72	0.1	0	0	0	0	2.85	0.05	0	0	1	
71	Lu	---	174.967	---	7.21	0.03	---	0	---	0	74	2	0.7	4	0.1	
71	Lu	175	174.940772	97.39	7.24	0.03	2.2	0.7	0.0	0	21	3	0.6	4	0.1	
71	Lu	176	175.942686	2.61	6.1	0.1	3.0	0.4	0.61	0.01	2065	35	1.2	3	0.1	
72	Hf	---	178.49	---	7.7	1.4	---	0	---	0	104.1	0.5	2.6	5	0.1	
72	Hf	174	173.940046	0.2	10.9	1.1	0	0	0	0	561	35	0	0	1	
72	Hf	176	175.941409	5.2	6.61	0.18	0	0	0	0	23.5	3.1	0	0	1	
72	Hf	177	176.943221	18.6	0.8	1	0.9	1.3	0.0	0	373	10	0.1	3	0.1	
72	Hf	178	177.943699	27.1	5.9	0.2	0	0	0	0	84	4	0	0	1	
72	Hf	179	178.945816	13.7	7.46	0.16	1.06	0.08	0.0	0	41	3	0.14	2	0.01	
72	Hf	180	179.946550	35.2	13.2	0.3	0	0	0	0	13.04	0.07	0	0	1	
73	Ta	---	180.9479	---	6.91	0.07	---	0	---	0	20.6	0.5	0.01	17	0.01	
73	Ta	180	179.947465	0.012	7.	2	---	0	---	0	563	60	0.5	5	0.1	
73	Ta	181	180.947996	99.988	6.91	0.07	-0.29	0.03	0.0	0	20.5	0.5	0.011	2	0.001	
74	W	---	183.84	---	4.86	0.02	---	0	---	0	18.3	0.2	1.63	6	0.01	
74	W	180	179.946704	0.1	5.	3	0	0	0	0	30	20	0	0	1	
74	W	182	181.948204	26.3	6.97	0.04	0	0	0	0	20.7	0.5	0	0	1	
74	W	183	182.950223	14.3	6.53	0.04	---	0	---	0	10.1	0.3	0.3	3	0.1	
74	W	184	183.950931	30.7	7.48	0.06	0	0	0	0	1.7	0.1	0	0	1	
74	W	186	185.954364	28.6	-0.72	0.04	0	0	0	0	37.9	0.6	0	0	1	
75	Re	---	186.207	---	9.2	0.2	---	0	---	0	89.7	1	0.9	6	0.1	
75	Re	185	184.952955	37.4	9.0	0.3	2.0	1.8	0.0	0	112	2	0.5	9	0.1	
75	Re	187	186.955753	62.6	9.3	0.3	2.8	1.1	0.0	0	76.4	1	1.0	8	0.1	
76	Os	---	190.23	---	10.7	0.2	---	0	---	0	16	4	0.3	8	0.1	
76	Os	184	183.952489	0.02	10.	2	0	0	0	0	3000	150	0	0	1	
76	Os	186	185.953838	1.58	11.6	1.7	0	0	0	0	80	13	0	0	1	
76	Os	187	186.955750	1.6	10.	2	---	0	---	0	320	10	0.3	3	0.1	
76	Os	188	187.955838	13.3	7.6	0.3	0	0	0	0	4.7	0.5	0	0	1	
76	Os	189	188.958147	16.1	10.7	0.3	---	0	---	0	25	4	0.5	5	0.1	
76	Os	190	189.958447	26.4	11.0	0.3	0	0	0	0	13.1	0.3	0	0	1	
76	Os	192	191.961481	41	11.5	0.4	0	0	0	0	2.0	0.1	0	0	1	
77	Ir	---	192.217	---	10.6	0.3	---	0	---	0	425	2	0.	3	1.	
77	Ir	191	190.960594	37.3	---	---	---	0	---	0	954	10	---	---	---	
77	Ir	193	192.962926	62.7	---	---	---	0	---	0	111	5	---	---	---	
78	Pt	---	195.084	---	9.60	0.01	---	0	---	0	10.3	0.3	0.13	11	0.01	
78	Pt	190	189.959932	0.01	9.0	1	0	0	0	0	152	4	0	0	1	
78	Pt	192	191.961038	0.79	9.9	0.5	0	0	0	0	10.0	2.5	0	0	1	
78	Pt	194	193.962680	32.9	10.55	0.08	0	0	0	0	1.44	0.19	0	0	1	
78	Pt	195	194.964791	33.8	8.83	0.11	-1.00	0.17	0.0	0	27.5	1.2	0.13	4	0.01	
78	Pt	196	195.964952	25.3	9.89	0.08	0	0	0	0	0.72	0.04	0	0	1	
78	Pt	198	197.967893	7.2	7.8	0.1	0	0	0	0	3.66	0.19	0	0	1	
79	Au	---	196.966569	100	7.63	0.06	-1.84	0.1	0.0	0	98.65	0.09	0.43	5	0.01	
80	Hg	---	200.59	---	12.692	0.015	---	0	---	0	372.3	4	6.6	1	0.1	
80	Hg	196	195.965833	0.2	30.3	1	0	0	0	0	3080	180	0	0	1	
80	Hg	198	197.966769	10.1	---	---	0	0	0	0	2.0	0.3	0	0	1	
80	Hg	199	198.968280	17	16.9	0.4	15.5	0.8	0.0	0	2150	48	30.	3	01.	
80	Hg	200	199.968326	23.1	---	---	0	0	0	0	---	0	0	0	1	
80	Hg	201	200.970302	13.2	---	---	---	0	---	0	7.8	2	---	---	---	
80	Hg	202	201.970643	29.6	---	---	0	0	0	0	4.89	0.05	0	0	1	
80	Hg	204	203.973494	6.8	---	---	0	0	0	0	0.43	0.1	0	0	1	
81	Tl	---	204.3833	---	8.776	0.005	---	0	---	0	3.43	0.06	0.21	15	0.01	
81	Tl	203	202.972344	29.524	6.99	0.16	1.06	0.14	0.0	0	11.4	0.2	0.14	4	0.01	
81	Tl	205	204.974428	70.476	9.52	0.07	-0.242	0.017	0.0	0	0.104	0.017	0.007	1	0.001	
82	Pb	---	207.2	---	9.405	0.003	---	0	---	0	0.171	0.002	0.0030	7	0.0001	
82	Pb	204	203.973044	1.4	9.90	0.1	0	0	0	0	0.65	0.07	0	0	1	
82	Pb	206	205.974465	24.1	9.22	0.05	0	0	0	0	0.0300	0.0008	0	0	1	
82	Pb	207	206.975897	22.1	9.28	0.04	0.14	0.06	0.0	0	0.699	0.01	0.002	2	0.001	
82	Pb	208	207.976652	52.4	9.50	0.02	0	0	0	0	0.00048	0.00003	0	0	1	
83	Bi	---	208.9804	100	8.532	0.002	0.259	0.015	0.0	0	0.0338	0.0007	0.0084	10	0.0001	
84	Po	---	---	---	---	---	---	0	---	0	---	0	---	---	---	
85	At	---	---	---	---	---	---	0	---	0	---	0	---	---	---	
86	Rn	---	---	---	---	---	---	0	---	0	---	0	---	---	---	
87	Fr	---	---	---	---	---	---	0	---	0	---	0	---	---	---	
88	Ra	---	---	---	10.0	1	0	0	0	0	12.8	1.5	0	0	1	
89	Ac	---	---	---	---	---	---	0	---	0	---	0	---	---	---	
90	Th	---	232.03806	100	10.31	0.03	0	0	0	0	7.37	0.06	0	0	1	
91	Pa	---	231.03588	---	9.1	0.3	---	0	---	0	200.6	2.3	0.1	33	0.1	
92	U	---	238.02891	---	8.417	0.005	---	0	---	0	7.57	0.02	0.005	16	0.001	
92	U	233	233.039635	---	10.1	0.2	1	3	0.0	0	574.7	1	0.1	6	0.1	
92	U	234	234.040952	0.005	12.4	0.3	0	0	0	0	100.1	1.3	0	0	1	
92	U	235	235.043930	0.72	10.47	0.04	1.3	0.6	0.0	0	680.9	1.1	0.2	2	0.1	
92	U	238	238.050788	99.275	8.402	0.005	0	0	0	0	2.68	0.02	0	0	1	
93	Np	---	---	---	10.55	0.1	---	0	---	0	175.9	2.9	0.5	5	0.1	
94	Pu	---	---	---	---	---	---	0	---	0	---	0	---	---	---	
94	Pu	238	238.049560	---	14.1	0.5	0	0	0	0	558	7	0	0	1	
94	Pu	239	239.052163	---	7.7	0.1	1.3	1.9	0.0	0	1017.3	2.1	0.2	6	0.1	
94	Pu	240	240.053814	---	3.5	0.1	0	0	0	0	289.6	1.4	0	0	1	
94	Pu	242	242.058743	---	8.1	0.1	0	0	0	0	18.5	0.5	0	0	1	
95	Am	---	---	---	8.3	0.2	2	7	0.0	0	75.3	1.8	0.3	26	0.1	
96	Cm	---	---	---	---	---	---	0	---	0	---	0	---	---	---	
96	Cm	244	245.065491	---	9.5	0.3	0	0	0	0	16.2	1.2	0	0	1	
96	Cm	246	246.067224	---	9.3	0.2	0	0	0	0	1.36	0.17	0	0	1	
96	Cm	248	248.072349	---	7.7	0.2	0	0	0	0	3.00	0.26	0	0	1	
