Isotope	Element	Mass_Isotope	conc	Coh_b	realCoh_b	ImCoh_b	Inc_b	realInc_b	ImInc_b	Coh_xs	Inc_xs	Scatt_xs	Abs_xs
H	H	---	---	-3.7390	-3.7390	0.0	---	---	---	1.7568	80.26	82.02	0.3326
1H	H	1	99.985	-3.7406	-3.7406	0.0	25.274	25.274	0.0	1.7583	80.27	82.03	0.3326
2H	H	2	0.015	6.671	6.671	0.0	4.04	4.04	0.0	5.592	2.05	7.64	0.000519
3H	H	3	---	4.792	4.792	0.0	-1.04	-1.04	0.0	2.89	0.14	3.03	0
He	He	---	---	3.26(3)	3.26(3)	0.0	---	---	---	1.34	0	1.34	0.00747
3He	He	3	0.00014	5.74-1.483i	5.74	-1.483	-2.5+2.568i	-2.5	2.568	4.42	1.6	6	5333.(7.)
4He	He	4	99.99986	3.26	3.26	0.0	0	0	0	1.34	0	1.34	0
Li	Li	---	---	-1.90	-1.90	0.0	---	---	---	0.454	0.92	1.37	70.5
6Li	Li	6	7.5	2.00-0.261i	2.00	-0.261	-1.89+0.26i	-1.89	0.26	0.51	0.46	0.97	940.(4.)
7Li	Li	7	92.5	-2.22	-2.22	0.0	-2.49	-2.49	0.0	0.619	0.78	1.4	0.0454
Be	Be	---	100	7.79	7.79	0.0	0.12	0.12	0.0	7.63	0.0018	7.63	0.0076
B	B	---	---	5.30-0.213i	5.30	-0.213	---	---	---	3.54	1.7	5.24	767.(8.)
10B	B	10	20	-0.1-1.066i	-0.1	-1.066	-4.7+1.231i	-4.7	1.231	0.144	3	3.1	3835.(9.)
11B	B	11	80	6.65	6.65	0.0	-1.3	-1.3	0.0	5.56	0.21	5.77	0.0055
C	C	---	---	6.6460	6.6460	0.0	---	---	---	5.551	0.001	5.551	0.0035
12C	C	12	98.9	6.6511	6.6511	0.0	0	0	0	5.559	0	5.559	0.00353
13C	C	13	1.1	6.19	6.19	0.0	-0.52	-0.52	0.0	4.81	0.034	4.84	0.00137
N	N	---	---	9.36	9.36	0.0	---	---	---	11.01	0.5	11.51	1.9
14N	N	14	99.63	9.37	9.37	0.0	2.0	2.0	0.0	11.03	0.5	11.53	1.91
15N	N	15	0.37	6.44	6.44	0.0	-0.02	-0.02	0.0	5.21	0.00005	5.21	0.000024
O	O	---	---	5.803	5.803	0.0	---	---	---	4.232	0.0008	4.232	0.00019
16O	O	16	99.762	5.803	5.803	0.0	0	0	0.0	4.232	0	4.232	0.0001
17O	O	17	0.038	5.78	5.78	0.0	0.18	0.18	0.0	4.2	0.004	4.2	0.236
18O	O	18	0.2	5.84	5.84	0.0	0	0	0	4.29	0	4.29	0.00016
F	F	---	100	5.654	5.654	0.0	-0.082	-0.082	0.0	4.017	0.0008	4.018	0.0096
Ne	Ne	---	---	4.566	4.566	0.0	---	---	---	2.62	0.008	2.628	0.039
20Ne	Ne	20	90.51	4.631	4.631	0.0	0	0	0	2.695	0	2.695	0.036
21Ne	Ne	21	0.27	6.66	6.66	0.0	(+/-)0.6	(+/-)0.6	0.0	5.6	0.05	5.7	0.67
22Ne	Ne	22	9.22	3.87	3.87	0.0	0	0	0	1.88	0	1.88	0.046
Na	Na	---	100	3.63	3.63	0.0	3.59	3.59	0.0	1.66	1.62	3.28	0.53
Mg	Mg	---	---	5.375	5.375	0.0	---	---	---	3.631	0.08	3.71	0.063
24Mg	Mg	24	78.99	5.66	5.66	0.0	0	0	0	4.03	0	4.03	0.05
25Mg	Mg	25	10	3.62	3.62	0.0	1.48	1.48	0.0	1.65	0.28	1.93	0.19
26Mg	Mg	26	11.01	4.89	4.89	0.0	0	0	0	3	0	3	0.0382
Al	Al	---	100	3.449	3.449	0.0	0.256	0.256	0.0	1.495	0.0082	1.503	0.231
Si	Si	---	---	4.1491	4.1491	0.0	---	---	---	2.163	0.004	2.167	0.171
28Si	Si	28	92.23	4.107	4.107	0.0	0	0	0	2.12	0	2.12	0.177
29Si	Si	29	4.67	4.70	4.70	0.0	0.09	0.09	0.0	2.78	0.001	2.78	0.101
30Si	Si	30	3.1	4.58	4.58	0.0	0	0	0	2.64	0	2.64	0.107
P	P	---	100	5.13	5.13	0.0	0.2	0.2	0.0	3.307	0.005	3.312	0.172
S	S	---	---	2.847	2.847	0.0	---	---	---	1.0186	0.007	1.026	0.53
32S	S	32	95.02	2.804	2.804	0.0	0	0	0	0.988	0	0.988	0.54
33S	S	33	0.75	4.74	4.74	0.0	1.5	1.5	0.0	2.8	0.3	3.1	0.54
34S	S	34	4.21	3.48	3.48	0.0	0	0	0	1.52	0	1.52	0.227
36S	S	36	0.02	3.(1.)	3.(1.)	0.0	0	0	0	1.1	0	1.1	0.15
Cl	Cl	---	---	9.5770	9.5770	0.0	---	---	---	11.5257	5.3	16.8	33.5
35Cl	Cl	35	75.77	11.65	11.65	0.0	6.1	6.1	0.0	17.06	4.7	21.8	44.1
37Cl	Cl	37	24.23	3.08	3.08	0.0	0.1	0.1	0.0	1.19	0.001	1.19	0.433
Ar	Ar	---	---	1.909	1.909	0.0	---	---	---	0.458	0.225	0.683	0.675
36Ar	Ar	36	0.337	24.90	24.90	0.0	0	0	0	77.9	0	77.9	5.2
38Ar	Ar	38	0.063	3.5	3.5	0.0	0	0	0	1.5(3.1)	0	1.5(3.1)	0.8
40Ar	Ar	40	99.6	1.830	1.830	0.0	0	0	0	0.421	0	0.421	0.66
K	K	---	---	3.67	3.67	0.0	---	---	---	1.69	0.27	1.96	2.1
39K	K	39	93.258	3.74	3.74	0.0	1.4	1.4	0.0	1.76	0.25	2.01	2.1
40K	K	40	0.012	3.(1.)	3.(1.)	0.0	---	---	---	1.1	0.5	1.6	35.(8.)
41K	K	41	6.73	2.69	2.69	0.0	1.5	1.5	0.0	0.91	0.3	1.2	1.46
Ca	Ca	---	---	4.70	4.70	0.0	---	---	---	2.78	0.05	2.83	0.43
40Ca	Ca	40	96.941	4.80	4.80	0.0	0	0	0	2.9	0	2.9	0.41
42Ca	Ca	42	0.647	3.36	3.36	0.0	0	0	0	1.42	0	1.42	0.68
43Ca	Ca	43	0.135	-1.56	-1.56	0.0	---	---	---	0.31	0.5	0.8	6.2
44Ca	Ca	44	2.086	1.42	1.42	0.0	0	0	0	0.25	0	0.25	0.88
46Ca	Ca	46	0.004	3.6	3.6	0.0	0	0	0	1.6	0	1.6	0.74
48Ca	Ca	48	0.187	0.39	0.39	0.0	0	0	0	0.019	0	0.019	1.09
Sc	Sc	---	100	12.29	12.29	0.0	-6.0	-6.0	0.0	19	4.5	23.5	27.5
Ti	Ti	---	---	-3.438	-3.438	0.0	---	---	---	1.485	2.87	4.35	6.09
46Ti	Ti	46	8.2	4.93	4.93	0.0	0	0	0	3.05	0	3.05	0.59
47Ti	Ti	47	7.4	3.63	3.63	0.0	-3.5	-3.5	0.0	1.66	1.5	3.2	1.7
48Ti	Ti	48	73.8	-6.08	-6.08	0.0	0	0	0	4.65	0	4.65	7.84
49Ti	Ti	49	5.4	1.04	1.04	0.0	5.1	5.1	0.0	0.14	3.3	3.4	2.2
50Ti	Ti	50	5.2	6.18	6.18	0.0	0	0	0	4.8	0	4.8	0.179
V	V	---	---	-0.3824	-0.3824	0.0	---	---	---	0.0184	5.08	5.1	5.08
50V	V	50	0.25	7.6	7.6	0.0	---	---	---	7.3(1.1)	0.5	7.8(1.0)	60.(40.)
51V	V	51	99.75	-0.402	-0.402	0.0	6.35	6.35	0.0	0.0203	5.07	5.09	4.9
Cr	Cr	---	---	3.635	3.635	0.0	---	---	---	1.66	1.83	3.49	3.05
50Cr	Cr	50	4.35	-4.50	-4.50	0.0	0	0	0	2.54	0	2.54	15.8
52Cr	Cr	52	83.79	4.920	4.920	0.0	0	0	0	3.042	0	3.042	0.76
53Cr	Cr	53	9.5	-4.20	-4.20	0.0	6.87	6.87	0.0	2.22	5.93	8.15	18.1(1.5)
54Cr	Cr	54	2.36	4.55	4.55	0.0	0	0	0	2.6	0	2.6	0.36
Mn	Mn	---	100	-3.73	-3.73	0.0	1.79	1.79	0.0	1.75	0.4	2.15	13.3
Fe	Fe	---	---	9.45	9.45	0.0	---	---	---	11.22	0.4	11.62	2.56
54Fe	Fe	54	5.8	4.2	4.2	0.0	0	0	0	2.2	0	2.2	2.25
56Fe	Fe	56	91.7	9.94	9.94	0.0	0	0	0	12.42	0	12.42	2.59
57Fe	Fe	57	2.2	2.3	2.3	0.0	---	---	---	0.66	0.3	1	2.48
58Fe	Fe	58	0.3	15.(7.)	15.(7.)	0.0	0	0	0	28	0	28.(26.)	1.28
Co	Co	---	100	2.49	2.49	0.0	-6.2	-6.2	0.0	0.779	4.8	5.6	37.18
Ni	Ni	---	---	10.3	10.3	0.0	---	---	---	13.3	5.2	18.5	4.49
58Ni	Ni	58	68.27	14.4	14.4	0.0	0	0	0	26.1	0	26.1	4.6
60Ni	Ni	60	26.1	2.8	2.8	0.0	0	0	0	0.99	0	0.99	2.9
61Ni	Ni	61	1.13	7.60	7.60	0.0	(+/-)3.9	(+/-)3.9	0.0	7.26	1.9	9.2	2.5
62Ni	Ni	62	3.59	-8.7	-8.7	0.0	0	0	0	9.5	0	9.5	14.5
64Ni	Ni	64	0.91	-0.37	-0.37	0.0	0	0	0	0.017	0	0.017	1.52
Cu	Cu	---	---	7.718	7.718	0.0	---	---	---	7.485	0.55	8.03	3.78
63Cu	Cu	63	69.17	6.43	6.43	0.0	0.22	0.22	0.0	5.2	0.006	5.2	4.5
65Cu	Cu	65	30.83	10.61	10.61	0.0	1.79	1.79	0.0	14.1	0.4	14.5	2.17
Zn	Zn	---	---	5.680	5.680	0.0	---	---	---	4.054	0.077	4.131	1.11
64Zn	Zn	64	48.6	5.22	5.22	0.0	0	0	0	3.42	0	3.42	0.93
66Zn	Zn	66	27.9	5.97	5.97	0.0	0	0	0	4.48	0	4.48	0.62
67Zn	Zn	67	4.1	7.56	7.56	0.0	-1.50	-1.50	0.0	7.18	0.28	7.46	6.8
68Zn	Zn	68	18.8	6.03	6.03	0.0	0	0	0	4.57	0	4.57	1.1
70Zn	Zn	70	0.6	6.(1.)	6.(1.)	0.0	0	0	0	4.5	0	4.5(1.5)	0.092
Ga	Ga	---	---	7.288	7.288	0.0	---	---	---	6.675	0.16	6.83	2.75
69Ga	Ga	69	60.1	7.88	7.88	0.0	-0.85	-0.85	0.0	7.8	0.091	7.89	2.18
71Ga	Ga	71	39.9	6.40	6.40	0.0	-0.82	-0.82	0.0	5.15	0.084	5.23	3.61
Ge	Ge	---	---	8.185	8.185	0.0	---	---	---	8.42	0.18	8.6	2.2
70Ge	Ge	70	20.5	10.0	10.0	0.0	0	0	0	12.6	0	12.6	3
72Ge	Ge	72	27.4	8.51	8.51	0.0	0	0	0	9.1	0	9.1	0.8
73Ge	Ge	73	7.8	5.02	5.02	0.0	3.4	3.4	0.0	3.17	1.5	4.7	15.1
74Ge	Ge	74	36.5	7.58	7.58	0.0	0	0	0	7.2	0	7.2	0.4
76Ge	Ge	76	7.8	8.2	8.2	0.0	0	0	0	8.(3.)	0	8.(3.)	0.16
As	As	---	100	6.58	6.58	0.0	-0.69	-0.69	0.0	5.44	0.06	5.5	4.5
Se	Se	---	---	7.970	7.970	0.0	---	---	---	7.98	0.32	8.3	11.7
74Se	Se	74	0.9	0.8	0.8	0.0	0	0	0	0.1	0	0.1	51.8(1.2)
76Se	Se	76	9	12.2	12.2	0.0	0	0	0	18.7	0	18.7	85.(7.)
77Se	Se	77	7.6	8.25	8.25	0.0	(+/-)0.6(1.6)	(+/-)0.6(1.6)	0.0	8.6	0.05	8.65	42.(4.)
78Se	Se	78	23.5	8.24	8.24	0.0	0	0	0	8.5	0	8.5	0.43
80Se	Se	80	49.6	7.48	7.48	0.0	0	0	0	7.03	0	7.03	0.61
82Se	Se	82	9.4	6.34	6.34	0.0	0	0	0	5.05	0	5.05	0.044
Br	Br	---	---	6.795	6.795	0.0	---	---	---	5.8	0.1	5.9	6.9
79Br	Br	79	50.69	6.80	6.80	0.0	-1.1	-1.1	0.0	5.81	0.15	5.96	11
81Br	Br	81	49.31	6.79	6.79	0.0	0.6	0.6	0.0	5.79	0.05	5.84	2.7
Kr	Kr	---	---	7.81	7.81	0.0	---	---	---	7.67	0.01	7.68	25.(1.)
78Kr	Kr	78	0.35	---	---	---	0	0	0	---	0	---	6.4
80Kr	Kr	80	2.25	---	---	---	0	0	0	---	0	---	11.8
82Kr	Kr	82	11.6	---	---	---	0	0	0	---	0	---	29.(20.)
83Kr	Kr	83	11.5	---	---	---	---	---	---	---	---	---	185.(30.)
84Kr	Kr	84	57	---	---	---	0	0	0	---	0	6.6	0.113
86Kr	Kr	86	17.3	8.1	8.1	0.0	0	0	0	8.2	0	8.2	0.003
Rb	Rb	---	---	7.09	7.09	0.0	---	---	---	6.32	0.5	6.8	0.38
85Rb	Rb	85	72.17	7.03	7.03	0.0	---	---	---	6.2	0.5	6.7	0.48
87Rb	Rb	87	27.83	7.23	7.23	0.0	---	---	---	6.6	0.5	7.1	0.12
Sr	Sr	---	---	7.02	7.02	0.0	---	---	---	6.19	0.06	6.25	1.28
84Sr	Sr	84	0.56	7.(1.)	7.(1.)	0.0	0	0	0	6.(2.)	0	6.(2.)	0.87
86Sr	Sr	86	9.86	5.67	5.67	0.0	0	0	0	4.04	0	4.04	1.04
87Sr	Sr	87	7	7.40	7.40	0.0	---	---	---	6.88	0.5	7.4	16.(3.)
88Sr	Sr	88	82.58	7.15	7.15	0.0	0	0	0	6.42	0	6.42	0.058
Y	Y	---	100	7.75	7.75	0.0	1.1	1.1	0.0	7.55	0.15	7.7	1.28
Zr	Zr	---	---	7.16	7.16	0.0	---	---	---	6.44	0.02	6.46	0.185
90Zr	Zr	90	51.45	6.4	6.4	0.0	0	0	0	5.1	0	5.1	0.011
91Zr	Zr	91	11.32	8.7	8.7	0.0	-1.08	-1.08	0.0	9.5	0.15	9.7	1.17
92Zr	Zr	92	17.19	7.4	7.4	0.0	0	0	0	6.9	0	6.9	0.22
94Zr	Zr	94	17.28	8.2	8.2	0.0	0	0	0	8.4	0	8.4	0.0499
96Zr	Zr	96	2.76	5.5	5.5	0.0	0	0	0	3.8	0	3.8	0.0229
Nb	Nb	---	100	7.054	7.054	0.0	-0.139	-0.139	0.0	6.253	0.0024	6.255	1.15
Mo	Mo	---	---	6.715	6.715	0.0	---	---	---	5.67	0.04	5.71	2.48
92Mo	Mo	92	14.84	6.91	6.91	0.0	0	0	0	6	0	6	0.019
94Mo	Mo	94	9.25	6.80	6.80	0.0	0	0	0	5.81	0	5.81	0.015
95Mo	Mo	95	15.92	6.91	6.91	0.0	---	---	---	6	0.5	6.5	13.1
96Mo	Mo	96	16.68	6.20	6.20	0.0	0	0	0	4.83	0	4.83	0.5
97Mo	Mo	97	9.55	7.24	7.24	0.0	---	---	---	6.59	0.5	7.1	2.5
98Mo	Mo	98	24.13	6.58	6.58	0.0	0	0	0	5.44	0	5.44	0.127
100Mo	Mo	100	9.63	6.73	6.73	0.0	0	0	0	5.69	0	5.69	0.4
Tc	Tc	---	---	6.8	6.8	0.0	---	---	---	5.8	0.5	6.3	20.(1.)
Ru	Ru	---	---	7.03	7.03	0.0	---	---	---	6.21	0.4	6.6	2.56
96Ru	Ru	96	5.5	---	---	---	0	0	0	---	0	---	0.28
98Ru	Ru	98	1.9	---	---	---	0	0	0	---	0	---	<8.
99Ru	Ru	99	12.7	---	---	---	---	---	---	---	---	---	6.9(1.0)
100Ru	Ru	100	12.6	---	---	---	0	0	0	---	0	---	4.8
101Ru	Ru	101	17	---	---	---	---	---	---	---	---	---	3.3
102Ru	Ru	102	31.6	---	---	---	0	0	0	---	0	144.8	1.17
104Ru	Ru	104	18.7	---	---	---	0	0	0	---	0	4.483	0.31
Rh	Rh	---	100	5.88	5.88	0.0	---	---	---	4.34	0.3	4.6	144.8
Pd	Pd	---	---	5.91	5.91	0.0	---	---	---	4.39	0.093	4.48	6.9
102Pd	Pd	102	1.02	7.7(7)	7.7(7)	0.0	0	0	0	7.5(1.4)	0	7.5(1.4)	3.4
104Pd	Pd	104	11.14	7.7(7)	7.7(7)	0.0	0	0	0	7.5(1.4)	0	7.5(1.4)	0.6
105Pd	Pd	105	22.33	5.5	5.5	0.0	-2.6(1.6)	-2.6(1.6)	0.0	3.8	0.8	4.6(1.1)	20.(3.)
106Pd	Pd	106	27.33	6.4	6.4	0.0	0	0	0	5.1	0	5.1	0.304
108Pd	Pd	108	26.46	4.1	4.1	0.0	0	0	0	2.1	0	2.1	8.55
110Pd	Pd	110	11.72	7.7(7)	7.7(7)	0.0	0	0	0	7.5(1.4)	0	7.5(1.4)	0.226
Ag	Ag	---	---	5.922	5.922	0.0	---	---	---	4.407	0.58	4.99	63.3
107Ag	Ag	107	51.83	7.555	7.555	0.0	1.00	1.00	0.0	7.17	0.13	7.3	37.6(1.2)
109Ag	Ag	109	48.17	4.165	4.165	0.0	-1.60	-1.60	0.0	2.18	0.32	2.5	91.0(1.0)
Cd	Cd	---	---	4.87-0.70i	4.87	-0.70	---	---	---	3.04	3.46	6.5	2520.(50.)
106Cd	Cd	106	1.25	5.(2.)	5.(2.)	0.0	0	0	0	3.1	0	3.1(2.5)	1
108Cd	Cd	108	0.89	5.4	5.4	0.0	0	0	0	3.7	0	3.7	1.1
110Cd	Cd	110	12.51	5.9	5.9	0.0	0	0	0	4.4	0	4.4	11
111Cd	Cd	111	12.81	6.5	6.5	0.0	---	---	---	5.3	0.3	5.6	24
112Cd	Cd	112	24.13	6.4	6.4	0.0	0	0	0	5.1	0	5.1	2.2
113Cd	Cd	113	12.22	-8.0-5.73i	-8.0	-5.73	---	---	---	12.1	0.3	12.4	20600.(400.)
114Cd	Cd	114	28.72	7.5	7.5	0.0	0	0	0	7.1	0	7.1	0.34
116Cd	Cd	116	7.47	6.3	6.3	0.0	0	0	0	5	0	5	0.075
In	In	---	---	4.065-0.0539i	4.065	-0.0539	---	---	---	2.08	0.54	2.62	193.8(1.5)
113In	In	113	4.3	5.39	5.39	0.0	(+/-)0.017	(+/-)0.017	0.0	3.65	0.000037	3.65	12.0(1.1)
115In	In	115	95.7	4.01-0.0562i	4.01	-0.0562	-2.1	-2.1	0.0	2.02	0.55	2.57	202.(2.)
Sn	Sn	---	---	6.225	6.225	0.0	---	---	---	4.871	0.022	4.892	0.626
112Sn	Sn	112	1	6.(1.)	6.(1.)	0.0	0	0	0	4.5(1.5)	0	4.5(1.5)	1
114Sn	Sn	114	0.7	6.2	6.2	0.0	0	0	0	4.8	0	4.8	0.114
115Sn	Sn	115	0.4	6.(1.)	6.(1.)	0.0	---	---	---	4.5(1.5)	0.3	4.8(1.5)	30.(7.)
116Sn	Sn	116	14.7	5.93	5.93	0.0	0	0	0	4.42	0	4.42	0.14
117Sn	Sn	117	7.7	6.48	6.48	0.0	---	---	---	5.28	0.3	5.6	2.3
118Sn	Sn	118	24.3	6.07	6.07	0.0	0	0	0	4.63	0	4.63	0.22
119Sn	Sn	119	8.6	6.12	6.12	0.0	---	---	---	4.71	0.3	5	2.2
120Sn	Sn	120	32.4	6.49	6.49	0.0	0	0	0	5.29	0	5.29	0.14
122Sn	Sn	122	4.6	5.74	5.74	0.0	0	0	0	4.14	0	4.14	0.18
124Sn	Sn	124	5.6	5.97	5.97	0.0	0	0	0	4.48	0	4.48	0.133
Sb	Sb	---	---	5.57	5.57	0.0	---	---	---	3.9	0.007	3.9	4.91
121Sb	Sb	121	57.3	5.71	5.71	0.0	-0.05	-0.05	0.0	4.1	0.0003	4.1	5.75
123Sb	Sb	123	42.7	5.38	5.38	0.0	-0.10	-0.10	0.0	3.64	0.001	3.64	3.8
Te	Te	---	---	5.80	5.80	0.0	---	---	---	4.23	0.09	4.32	4.7
120Te	Te	120	0.096	5.3	5.3	0.0	0	0	0	3.5	0	3.5	2.3
122Te	Te	122	2.6	3.8	3.8	0.0	0	0	0	1.8	0	1.8	3.4
123Te	Te	123	0.908	-0.05-0.116i	-0.05	0.0	-2.04	-2.04	0.0	0.002	0.52	0.52	418.(30.)
124Te	Te	124	4.816	7.96	7.96	0.0	0	0	0	8	0	8	6.8(1.3)
125Te	Te	125	7.14	5.02	5.02	0.0	-0.26	-0.26	0.0	3.17	0.008	3.18	1.55
126Te	Te	126	18.95	5.56	5.56	0.0	0	0	0	3.88	0	3.88	1.04
128Te	Te	128	31.69	5.89	5.89	0.0	0	0	0	4.36	0	4.36	0.215
130Te	Te	130	33.8	6.02	6.02	0.0	0	0	0	4.55	0	4.55	0.29
I	I	---	100	5.28	5.28	0.0	1.58	1.58	0.0	3.5	0.31	3.81	6.15
Xe	Xe	---	---	4.92	4.92	0.0	3.04	3.04	0.0	2.96	0	---	23.9(1.2)
124Xe	Xe	124	0.1	---	---	---	0	0	0	---	0	---	165.(20.)
126Xe	Xe	126	0.09	---	---	---	0	0	0	---	0	---	3.5
128Xe	Xe	128	1.91	---	---	---	0	0	0	---	0	---	<8
129Xe	Xe	129	26.4	---	---	---	---	---	---	---	---	---	21.(5.)
130Xe	Xe	130	4.1	---	---	---	0	0	0	---	0	---	<26.
131Xe	Xe	131	21.2	---	---	---	---	---	---	---	---	---	85.(10.)
132Xe	Xe	132	26.9	---	---	---	0	0	0	---	0	---	0.45
134Xe	Xe	134	10.4	---	---	---	0	0	0	---	0	---	0.265
136Xe	Xe	136	8.9	---	---	---	0	0	0	---	0	---	0.26
Cs	Cs	---	100	5.42	5.42	0.0	1.29	1.29	0.0	3.69	0.21	3.9	29.0(1.5)
Ba	Ba	---	---	5.07	5.07	0.0	---	---	---	3.23	0.15	3.38	1.1
130Ba	Ba	130	0.11	-3.6	-3.6	0.0	0	0	0	1.6	0	1.6	30.(5.)
132Ba	Ba	132	0.1	7.8	7.8	0.0	0	0	0	7.6	0	7.6	7
134Ba	Ba	134	2.42	5.7	5.7	0.0	0	0	0	4.08	0	4.08	2.0(1.6)
135Ba	Ba	135	6.59	4.67	4.67	0.0	---	---	---	2.74	0.5	3.2	5.8
136Ba	Ba	136	7.85	4.91	4.91	0.0	0	0	0	3.03	0	3.03	0.68
137Ba	Ba	137	11.23	6.83	6.83	0.0	---	---	---	5.86	0.5	6.4	3.6
138Ba	Ba	138	71.7	4.84	4.84	0.0	0	0	0	2.94	0	2.94	0.27
La	La	---	---	8.24	8.24	0.0	---	---	---	8.53	1.13	9.66	8.97
138La	La	138	0.09	8.(2.)	8.(2.)	0.0	---	---	---	8.(4.)	0.5	8.5(4.0)	57.(6.)
139La	La	139	99.91	8.24	8.24	0.0	3.0	3.0	0.0	8.53	1.13	9.66	8.93
Ce	Ce	---	---	4.84	4.84	0.0	---	---	---	2.94	0.001	2.94	0.63
136Ce	Ce	136	0.19	5.80	5.80	0.0	0	0	0	4.23	0	4.23	7.3(1.5)
138Ce	Ce	138	0.25	6.70	6.70	0.0	0	0	0	5.64	0	5.64	1.1
140Ce	Ce	140	88.48	4.84	4.84	0.0	0	0	0	2.94	0	2.94	0.57
142Ce	Ce	142	11.08	4.75	4.75	0.0	0	0	0	2.84	0	2.84	0.95
Pr	Pr	---	100	4.58	4.58	0.0	-0.35	-0.35	0.0	2.64	0.015	2.66	11.5
Nd	Nd	---	---	7.69	7.69	0.0	---	---	---	7.43	9.2	16.6	50.5(1.2)
142Nd	Nd	142	27.16	7.7	7.7	0.0	0	0	0	7.5	0	7.5	18.7
143Nd	Nd	143	12.18	14.(2.)	14.(2.)	0.0	(+/-)21.(1.)	(+/-)21.(1.)	0.0	25.(7.)	55.(7.)	80.(2.)	337.(10.)
144Nd	Nd	144	23.8	2.8	2.8	0.0	0	0	0	1	0	1	3.6
145Nd	Nd	145	8.29	14.(2.)	14.(2.)	0.0	---	---	---	25.(7.)	5.(5.)	30.(9.)	42.(2.)
146Nd	Nd	146	17.19	8.7	8.7	0.0	0	0	0	9.5	0	9.5	1.4
148Nd	Nd	148	5.75	5.7	5.7	0.0	0	0	0	4.1	0	4.1	2.5
150Nd	Nd	150	5.63	5.3	5.3	0.0	0	0	0	3.5	0	3.5	1.2
Pm	Pm	---	---	12.6	12.6	0.0	(+/-)3.2(2.5)	(+/-)3.2(2.5)	0.0	20.0(1.3)	1.3(2.0)	21.3(1.5)	168.4(3.5)
Sm	Sm	---	---	0.80-1.65i	0.80	-1.65	---	---	---	0.422	39.(3.)	39.(3.)	5922.(56.)
144Sm	Sm	144	3.1	-3.(4.)	-3.(4.)	0.0	0	0	0	1.(3.)	0	1.(3.)	0.7
147Sm	Sm	147	15.1	14.(3.)	14.(3.)	0.0	(+/-)11.(7.)	(+/-)11.(7.)	0.0	25.(11.)	143(19.)	39.(16.)	57.(3.)
148Sm	Sm	148	11.3	-3.(4.)	-3.(4.)	0.0	0	0	0	1.(3.)	0	1.(3.)	2.4
149Sm	Sm	149	13.9	-19.2-11.7i	-19.2	-11.7	(+/-)31.4-10.3i	(+/-)31.4	-10.3	63.5	137.(5.)	200.(5.)	42080.(400.)
150Sm	Sm	150	7.4	14.(3.)	14.(3.)	0.0	0	0	0	25.(11.)	0	25.(11.)	104.(4.)
152Sm	Sm	152	26.6	-5.0	-5.0	0.0	0	0	0	3.1	0	3.1	206.(6.)
154Sm	Sm	154	22.6	9.3	9.3	0.0	0	0	0	11.(2.)	0	11.(2.)	8.4
Eu	Eu	---	---	7.22-1.26i	7.22	-1.26	---	---	---	6.57	2.5	9.2	4530.(40.)
151Eu	Eu	151	47.8	6.13-2.53i	6.13	-2.53	(+/-)4.5-2.14i	(+/-)4.5	-2.14	5.5	3.1	8.6	9100.(100.)
153Eu	Eu	153	52.2	8.22	8.22	0.0	(+/-)3.2	(+/-)3.2	0.0	8.5	1.3	9.8	312.(7.)
Gd	Gd	---	---	6.5-13.82i	6.5	-13.82	---	---	---	29.3	151.(2.)	180.(2.)	49700.(125.)
152Gd	Gd	152	0.2	10.(3.)	10.(3.)	0.0	0	0	0	13.(8.)	0	13.(8.)	735.(20.)
154Gd	Gd	154	2.1	10.(3.)	10.(3.)	0.0	0	0	0	13.(8.)	0	13.(8.)	85.(12.)
155Gd	Gd	155	14.8	6.0-17.0i	6.0	-17.0	(+/-)5.(5.)-13.16i	(+/-)5.(5.)	-13.16	40.8	25.(6.)	66.(6.)	61100.(400.)
156Gd	Gd	156	20.6	6.3	6.3	0.0	0	0	0	5	0	5	1.5(1.2)
157Gd	Gd	157	15.7	-1.14-71.9i	-1.14	-71.9	(+/-)5.(5.)-55.8i	(+/-)5.(5.)	-55.8	650.(4.)	394.(7.)	1044.(8.)	259000.(700.)
158Gd	Gd	158	24.8	9.(2.)	9.(2.)	0.0	0	0	0	10.(5.)	0	10.(5.)	2.2
160Gd	Gd	160	21.8	9.15	9.15	0.0	0	0	0	10.52	0	10.52	0.77
Tb	Tb	---	100	7.38	7.38	0.0	-0.17	-0.17	0.0	6.84	0.004	6.84	23.4
Dy	Dy	---	---	16.9-0.276i	16.9	-0.276	---	---	---	35.9	54.4(1.2)	90.3	994.(13.)
156Dy	Dy	156	0.06	6.1	6.1	0.0	0	0	0	4.7	0	4.7	33.(3.)
158Dy	Dy	158	0.1	6.(4.)	6.(4.)	0.0	0	0	0	5.(6.)	0	5.(6.)	43.(6.)
160Dy	Dy	160	2.34	6.7	6.7	0.0	0	0	0	5.6	0	5.6	56.(5.)
161Dy	Dy	161	19	10.3	10.3	0.0	(+/-)4.9	(+/-)4.9	0.0	13.3	3.(1.)	16.(1.)	600.(25.)
162Dy	Dy	162	25.5	-1.4	-1.4	0.0	0	0	0	0.25	0	0.25	194.(10.)
163Dy	Dy	163	24.9	5.0	5.0	0.0	1.3	1.3	0.0	3.1	0.21	3.3	124.(7.)
164Dy	Dy	164	28.1	49.4-0.79i	49.4	-0.79	0	0	0	307.(3.)	0	307.(3.)	2840.(40.)
Ho	Ho	---	100	8.01	8.01	0.0	-1.70	-1.70	0.0	8.06	0.36	8.42	64.7(1.2)
Er	Er	---	---	7.79	7.79	0.0	---	---	---	7.63	1.1	8.7	159.(4.)
162Er	Er	162	0.14	8.8	8.8	0.0	0	0	0	9.7	0	9.7	19.(2.)
164Er	Er	164	1.56	8.2	8.2	0.0	0	0	0	8.4	0	8.4	13.(2.)
166Er	Er	166	33.4	10.6	10.6	0.0	0	0	0	14.1	0	14.1	19.6(1.5)
167Er	Er	167	22.9	3.0	3.0	0.0	1.0	1.0	0.0	1.1	0.13	1.2	659.(16.)
168Er	Er	168	27.1	7.4	7.4	0.0	0	0	0	6.9	0	6.9	2.74
170Er	Er	170	14.9	9.6	9.6	0.0	0	0	0	11.6	0	11.6(1.2)	5.8
Tm	Tm	---	100	7.07	7.07	0.0	0.9	0.9	0.0	6.28	0.1	6.38	100.(2.)
Yb	Yb	---	---	12.43	12.43	0.0	---	---	---	19.42	4	23.4	34.8
168Yb	Yb	168	0.14	-4.07-0.62i	-4.07	-0.62	0	0	0	2.13	0	2.13	2230.(40.)
170Yb	Yb	170	3.06	6.77	6.77	0.0	0	0	0	5.8	0	5.8	11.4(1.0)
171Yb	Yb	171	14.3	9.66	9.66	0.0	-5.59	-5.59	0.0	11.7	3.9	15.6	48.6(2.5)
172Yb	Yb	172	21.9	9.43	9.43	0.0	0	0	0	11.2	0	11.2	0.8
173Yb	Yb	173	16.1	9.56	9.56	0.0	-5.3	-5.3	0.0	11.5	3.5	15	17.1(1.3)
174Yb	Yb	174	31.8	19.3	19.3	0.0	0	0	0	46.8	0	46.8	69.4(5.0)
176Yb	Yb	176	12.7	8.72	8.72	0.0	0	0	0	9.6	0	9.6	2.85
Lu	Lu	---	---	7.21	7.21	0.0	---	---	---	6.53	0.7	7.2	74.(2.)
175Lu	Lu	175	97.39	7.24	7.24	0.0	(+/-)2.2	(+/-)2.2	0.0	6.59	0.6	7.2	21.(3.)
176Lu	Lu	176	2.61	6.1-0.57i	6.1	-0.57	(+/-)3.0+0.61i	(+/-)3.0	0.61	4.7	1.2	5.9	2065.(35.)
Hf	Hf	---	---	7.7	7.7	0.0	---	---	---	7.6	2.6	10.2	104.1
174Hf	Hf	174	0.2	10.9(1.1)	10.9(1.1)	0.0	0	0	0	15.(3.)	0	15.(3.)	561.(35.)
176Hf	Hf	176	5.2	6.61	6.61	0.0	0	0	0	5.5	0	5.5	23.5(3.1)
177Hf	Hf	177	18.6	0.8(1.0)	0.8(1.0)	0.0	(+/-)0.9(1.3)	(+/-)0.9(1.3)	0.0	0.1	0.1	0.2	373.(10.)
178Hf	Hf	178	27.1	5.9	5.9	0.0	0	0	0	4.4	0	4.4	84.(4.)
179Hf	Hf	179	13.7	7.46	7.46	0.0	(+/-)1.06	(+/-)1.06	0.0	7	0.14	7.1	41.(3.)
180Hf	Hf	180	35.2	13.2	13.2	0.0	0	0	0	21.9	0	21.9(1.0)	13.04
Ta	Ta	---	---	6.91	6.91	0.0	---	---	---	6	0.01	6.01	20.6
180Ta	Ta	180	0.012	7.(2.)	7.(2.)	0.0	---	---	---	6.2	0.5	7.(4.)	563.(60.)
181Ta	Ta	181	99.988	6.91	6.91	0.0	-0.29	-0.29	0.0	6	0.011	6.01	20.5
W	W	---	---	4.86	4.86	0.0	---	---	---	2.97	1.63	4.6	18.3
180W	W	180	0.1	5.(3.)	5.(3.)	0.0	0	0	0	3.(4.)	0	3.(4.)	30.(20.)
182W	W	182	26.3	6.97	6.97	0.0	0	0	0	6.1	0	6.1	20.7
183W	W	183	14.3	6.53	6.53	0.0	---	---	---	5.36	0.3	5.7	10.1
184W	W	184	30.7	7.48	7.48	0.0	0	0	0	7.03	0	7.03	1.7
186W	W	186	28.6	-0.72	-0.72	0.0	0	0	0	0.065	0	0.065	37.9
Re	Re	---	---	9.2	9.2	0.0	---	---	---	10.6	0.9	11.5	89.7(1.)
185Re	Re	185	37.4	9.0	9.0	0.0	(+/-)2.0	(+/-)2.0	0.0	10.2	0.5	10.7	112.(2.)
187Re	Re	187	62.6	9.3	9.3	0.0	(+/-)2.8	(+/-)2.8	0.0	10.9	1	11.9	76.4(1.)
Os	Os	---	---	10.7	10.7	0.0	---	---	---	14.4	0.3	14.7	16
184Os	Os	184	0.02	10.(2.)	10.(2.)	0.0	0	0	0	13.(5.)	0	13.(5.)	3000.(150.)
186Os	Os	186	1.58	11.6(1.7)	11.6(1.7)	0.0	0	0	0	17.(5.)	0	17.(5.)	80.(13.)
187Os	Os	187	1.6	10.(2.)	10.(2.)	0.0	---	---	---	13.(5.)	0.3	13.(5.)	320.(10.)
188Os	Os	188	13.3	7.6	7.6	0.0	0	0	0	7.3	0	7.3	4.7
189Os	Os	189	16.1	10.7	10.7	0.0	---	---	---	14.4	0.5	14.9	25.(4.)
190Os	Os	190	26.4	11.0	11.0	0.0	0	0	0	15.2	0	15.2	13.1
192Os	Os	192	41	11.5	11.5	0.0	0	0	0	16.6	0	16.6(1.2)	2
Ir	Ir	---	---	10.6	10.6	0.0	---	---	---	14.1	0.(3.)	14.(3.)	425.(2.)
191Ir	Ir	191	37.3	---	---	---	---	---	---	---	---	---	954.(10.)
193Ir	Ir	193	62.7	---	---	---	---	---	---	---	---	---	111.(5.)
Pt	Pt	---	---	9.60	9.60	0.0	---	---	---	11.58	0.13	11.71	10.3
190Pt	Pt	190	0.01	9.0	9.0	0.0	0	0	0	10.(2.)	0	10.(2.)	152.(4.)
192Pt	Pt	192	0.79	9.9	9.9	0.0	0	0	0	12.3(1.2)	0	12.3(1.2)	10.0(2.5)
194Pt	Pt	194	32.9	10.55	10.55	0.0	0	0	0	14	0	14	1.44
195Pt	Pt	195	33.8	8.83	8.83	0.0	-1.00	-1.00	0.0	9.8	0.13	9.9	27.5(1.2)
196Pt	Pt	196	25.3	9.89	9.89	0.0	0	0	0	12.3	0	12.3	0.72
198Pt	Pt	198	7.2	7.8	7.8	0.0	0	0	0	7.6	0	7.6	3.66
Au	Au	---	100	7.63	7.63	0.0	-1.84	-1.84	0.0	7.32	0.43	7.75	98.65
Hg	Hg	---	---	12.692	12.692	0.0	---	---	---	20.24	6.6	26.8	372.3(4.0)
196Hg	Hg	196	0.2	30.3(1.0)	30.3(1.0)	0.0	0	0	0	115.(8.)	0	115.(8.)	3080.(180.)
198Hg	Hg	198	10.1	---	---	---	0	0	0	---	0	---	2
199Hg	Hg	199	17	16.9	16.9	0.0	(+/-)15.5	(+/-)15.5	0.0	36.(2.)	30.(3.)	66.(2.)	2150.(48.)
200Hg	Hg	200	23.1	---	---	---	0	0	0	---	0	---	<60.
201Hg	Hg	201	13.2	---	---	---	---	---	---	---	---	---	7.8(2.0)
202Hg	Hg	202	29.6	---	---	---	0	0	0	---	0	9.828	4.89
204Hg	Hg	204	6.8	---	---	---	0	0	0	---	0	---	0.43
Tl	Tl	---	---	8.776	8.776	0.0	---	---	---	9.678	0.21	9.89	3.43
203Tl	Tl	203	29.524	6.99	6.99	0.0	1.06	1.06	0.0	6.14	0.14	6.28	11.4
205Tl	Tl	205	70.476	9.52	9.52	0.0	-0.242	-0.242	0.0	11.39	0.007	11.4	0.104
Pb	Pb	---	---	9.405	9.405	0.0	---	---	---	11.115	0.003	11.118	0.171
204Pb	Pb	204	1.4	9.90	9.90	0.0	0	0	0	12.3	0	12.3	0.65
206Pb	Pb	206	24.1	9.22	9.22	0.0	0	0	0	10.68	0	10.68	0.03
207Pb	Pb	207	22.1	9.28	9.28	0.0	0.14	0.14	0.0	10.82	0.002	10.82	0.699
208Pb	Pb	208	52.4	9.50	9.50	0.0	0	0	0	11.34	0	11.34	0.00048
Bi	Bi	---	100	8.532	8.532	0.0	---	---	---	9.148	0.0084	9.156	0.0338
Po	Po	---	---	---	---	---	0.259	0.259	0.0	0	---	---	---
At	At	---	---	---	---	---	---	---	---	0	---	---	---
Rn	Rn	---	---	---	---	---	---	---	---	0	---	12.6	---
Fr	Fr	---	---	---	---	---	---	---	---	0	---	---	---
Ra	Ra	---	---	10.0(1.0)	10.0(1.0)	0.0	0	0	0	13.(3.)	0	13.(3.)	12.8(1.5)
Ac	Ac	---	---	---	---	---	---	---	---	0	---	---	---
Th	Th	---	100	10.31	10.31	0.0	0	0	0	13.36	0	13.36	7.37
Pa	Pa	---	---	9.1	9.1	0.0	---	---	---	10.4	0.1(3.3)	10.5(3.2)	200.6(2.3)
U	U	---	---	8.417	8.417	0.0	---	---	---	8.903	0.005	8.908	7.57
233U	U	233	---	10.1	10.1	0.0	(+/-)1.(3.)	(+/-)1.(3.)	0.0	12.8	0.1	12.9	574.7(1.0)
234U	U	234	0.005	12.4	12.4	0.0	0	0	0	19.3	0	19.3	100.1(1.3)
235U	U	235	0.72	10.47	10.47	0.0	(+/-)1.3	(+/-)1.3	0.0	13.78	0.2	14	680.9(1.1)
238U	U	238	99.275	8.402	8.402	0.0	0	0	0	8.871	0	8.871	2.68
Np	Np	---	---	10.55	10.55	0.0	---	---	---	14	0.5	14.5	175.9(2.9)
Pu	Pu	---	---	---	---	---	---	---	---	---	---	---	---
238Pu	Pu	238	---	14.1	14.1	0.0	0	0	0	25.0(1.8)	0	25.0(1.8)	558.(7.)
239Pu	Pu	239	---	7.7	7.7	0.0	(+/-)1.3(1.9)	(+/-)1.3(1.9)	0.0	7.5	0.2	7.7	1017.3(2.1)
240Pu	Pu	240	---	3.5	3.5	0.0	0	0	0	1.54	0	1.54	289.6(1.4)
242Pu	Pu	242	---	8.1	8.1	0.0	0	0	0	8.2	0	8.2	18.5
Am	Am	---	---	8.3	8.3	0.0	(+/-)2.(7.)	(+/-)2.(7.)	0.0	8.7	0.3	9.0(2.6)	75.3(1.8)
Cm	Cm	---	---	---	---	---	---	---	---	0	---	---	---
244Cm	Cm	244	---	9.5	9.5	0.0	0	0	0	11.3	0	11.3	16.2(1.2)
246Cm	Cm	246	---	9.3	9.3	0.0	0	0	0	10.9	0	10.9	1.36
248Cm	Cm	248	---	7.7	7.7	0.0	0	0	0	7.5	0	7.5	3
